"epoch","wurdinger_fnn_testset.yaml - _step","wurdinger_fnn_testset.yaml - _step__MIN","wurdinger_fnn_testset.yaml - _step__MAX","wurdinger_fnn_testset.yaml - loss_to_report_val","wurdinger_fnn_testset.yaml - loss_to_report_val__MIN","wurdinger_fnn_testset.yaml - loss_to_report_val__MAX"
"0","0","0","0","0.4260098317764377","0.420515757981846","0.43114127520797996"
"1","2","2","2","0.36905653507612707","0.365129551888797","0.3733498711149844"
"2","4","4","4","0.3418459264430514","0.33493731261109877","0.34785214915672874"
"3","6","6","6","0.3239758203651279","0.3139650683552899","0.32909730416594674"
"4","8","8","8","0.3067025691301698","0.2995426739540494","0.31206113235476646"
"5","10","10","10","0.30033404907564554","0.29273487488731564","0.3085049738707205"
"6","12","12","12","0.29030682871404834","0.28053269434104583","0.3009945546607843"
"7","14","14","14","0.28219617453526047","0.27074071129833477","0.2909343870834342"
"8","16","16","16","0.2760001768271783","0.26883574093860974","0.2834227264777371"
"9","18","18","18","0.2671345214389162","0.2630709161560986","0.2718754211847147"
"10","20","20","20","0.2637657995499151","0.2572452621049179","0.26975800500572206"
"11","22","22","22","0.2557067747307741","0.24818706524520975","0.26393440491437575"
"12","24","24","24","0.2502738466093828","0.243962958603471","0.26349705019035"
"13","26","26","26","0.2455113631914692","0.2404619836655291","0.2519845845081329"
"14","28","28","28","0.24401084215001193","0.23699818924076174","0.24770809578680486"
"15","30","30","30","0.2360053593829024","0.23010998729222487","0.24002111451121516"
"16","32","32","32","0.23172581530208092","0.2262009159536756","0.2364351823712157"
"17","34","34","34","0.2293071423927001","0.21864495592294042","0.23965309444103886"
"18","36","36","36","0.22653612507623397","0.22014235418970016","0.23239976624798891"
"19","38","38","38","0.21915124583027595","0.21478746366613682","0.22577216627019425"
"20","40","40","40","0.2151460818029348","0.2092243170132202","0.21759903187012014"
"21","42","42","42","0.21272648841111894","0.20502898250765975","0.2187480824368248"
"22","44","44","44","0.21264457452891605","0.20640125566014073","0.21656026178948456"
"23","46","46","46","0.20848267194007436","0.1997384451109079","0.21697269436593777"
"24","48","48","48","0.20550255695432296","0.20001683284263538","0.21014056592509625"
"25","50","50","50","0.20274049787804554","0.19878692806329973","0.2078836646806827"
"26","52","52","52","0.20219395571860818","0.19765325063859032","0.20916811176948263"
"27","54","54","54","0.19679730548818405","0.1938383578104638","0.2014758906593383"
"28","56","56","56","0.19606651806712122","0.19162394120608725","0.19885700184594704"
"29","58","58","58","0.1949202130082079","0.18804122975011323","0.20505359210521848"
"30","60","60","60","0.19156449557958927","0.18726737708998062","0.1974743466883379"
"31","62","62","62","0.18991426238811288","0.1863710951085693","0.19495520724914905"
"32","64","64","64","0.1882211541654184","0.18487639964507424","0.19123321253617018"
"33","66","66","66","0.18797308561304335","0.18255999553982027","0.1911934284936302"
"34","68","68","68","0.18415124978397218","0.18069341183604842","0.18997748690248656"
"35","70","70","70","0.18326023079718742","0.1801056104876454","0.19036409967244958"
"36","72","72","72","0.18080190597405096","0.17788848901992402","0.1869717187610655"
"37","74","74","74","0.18068314602813676","0.17803965995571966","0.18414265671819943"
"38","76","76","76","0.17782549501400496","0.1727073151895642","0.18178809555381306"
"39","78","78","78","0.17676654152776214","0.1716358470933104","0.1817033692147521"
"40","80","80","80","0.17512031546841023","0.17308722594048426","0.1790928799173196"
"41","82","82","82","0.17464378503870603","0.17236023907364112","0.17666773867198937"
"42","84","84","84","0.17457808328855515","0.17136644539575782","0.17756241361844521"
"43","86","86","86","0.17304008679115016","0.1677966619589261","0.17815704038383556"
"44","88","88","88","0.1709848538460074","0.16766402287547252","0.17394927369125673"
"45","90","90","90","0.16995864367776986","0.16827097023494691","0.1719726880036586"
"46","92","92","92","0.1702406007561367","0.16661540301408892","0.17385342568977277"
"47","94","94","94","0.16953481870366852","0.16539737691054143","0.17372567490818588"
"48","96","96","96","0.1672866476025075","0.1634395372884027","0.1706021622953432"
"49","98","98","98","0.16596536872394993","0.16416817939699366","0.16866113076910091"
"50","100","100","100","0.1663837009736808","0.16297616608901863","0.17319678150399206"
"51","102","102","102","0.16520634786661756","0.16252695811413204","0.1672872730863282"
"52","104","104","104","0.16372569798618491","0.16111576873571487","0.16587342816894757"
"53","106","106","106","0.16354419876029416","0.16076723586187183","0.16655801617856192"
"54","108","108","108","0.16254576688326783","0.15962435206581124","0.17015916601384626"
"55","110","110","110","0.1620130596156965","0.1594891153558889","0.169499131417239"
"56","112","112","112","0.16056326101246185","0.15821705508287376","0.16286892239564735"
"57","114","114","114","0.16010252807203035","0.15747591029460373","0.16257442060830307"
"58","116","116","116","0.15986458281207566","0.15640732075650687","0.16356755936138329"
"59","118","118","118","0.15890146816382483","0.1558552411636274","0.16273709021937596"
"60","120","120","120","0.1580629401133125","0.1560636342582398","0.16178274486714983"
"61","122","122","122","0.1580758628984362","0.15521243891972838","0.16104380940307791"
"62","124","124","124","0.15635610741483882","0.15268486318071448","0.15854193986763745"
"63","126","126","126","0.15729784566925648","0.15409467851353625","0.16191863105451956"
"64","128","128","128","0.15614204925053785","0.15313549090574755","0.1582497793234142"
"65","130","130","130","0.15480739270978902","0.152954135410237","0.1567937093029635"
"66","132","132","132","0.15412329422771148","0.15284699689145428","0.15541449967815582"
"67","134","134","134","0.15491528511592254","0.1525992281221309","0.15934760400149947"
"68","136","136","136","0.15251495755051955","0.15027937502533192","0.15591698112585176"
"69","138","138","138","0.15299456610766457","0.15021888483058923","0.15597294023719593"
"70","140","140","140","0.15201650083955326","0.1497789419755138","0.154798211574921"
"71","142","142","142","0.1521302477812289","0.1494259293875897","0.15395139893249363"
"72","144","144","144","0.15186448716298312","0.14921824476864518","0.15512505209229965"
"73","146","146","146","0.15124672125934774","0.14926517701262465","0.15295539109225623"
"74","148","148","148","0.15038454531665735","0.14763381766410463","0.15359950259771557"
"75","150","150","150","0.1511385569228534","0.15039391540626038","0.15195692029001287"
"76","152","152","152","0.1503245542977889","0.14770456385018396","0.15271444928640462"
"77","154","154","154","0.14887261053081183","0.14605967852864815","0.1511869631397116"
"78","156","156","156","0.14906636211603796","0.14710881630744127","0.1499976538638659"
"79","158","158","158","0.14839331309468604","0.14615391375240508","0.15000213115174416"
"80","160","160","160","0.14892809066495688","0.1471396013722883","0.15331239058880838"
"81","162","162","162","0.14874776047473595","0.14613343240820958","0.1517952543075499"
"82","164","164","164","0.14833183140034906","0.14715550978171965","0.1498422197609858"
"83","166","166","166","0.1477046581009008","0.1458061757801992","0.14951979170447624"
"84","168","168","168","0.14646134311768474","0.1440405130901126","0.1493463873834582"
"85","170","170","170","0.14649917380984484","0.14505525472081687","0.14799759697229087"
"86","172","172","172","0.14649852732883478","0.14524515701429355","0.14756237664144015"
"87","174","174","174","0.146104180545017","0.14313857894511484","0.14823069768483757"
"88","176","176","176","0.1465611275387322","0.14446391299728953","0.14955930846847013"
"89","178","178","178","0.14619689227722402","0.14413033654157173","0.14821687534252773"
"90","180","180","180","0.14577653635120633","0.1424191415042873","0.1491161990485605"
"91","182","182","182","0.14554058352411245","0.14376058893318522","0.14740000810343754"
"92","184","184","184","0.14573324899848236","0.14305640315750326","0.149511739428181"
"93","186","186","186","0.14557403133488556","0.14316171735392938","0.1475759433862847"
"94","188","188","188","0.14499853934929974","0.14269682369183648","0.14731204377502086"
"95","190","190","190","0.1449612864565752","0.14112113664223774","0.1479216622615794"
"96","192","192","192","0.1438980179211305","0.141861200349547","0.1457274845693126"
"97","194","194","194","0.14539852838510123","0.1430197550635469","0.14826598274378183"
"98","196","196","196","0.1437011730507721","0.1419850320078288","0.1466843051614386"
"99","198","198","198","0.14338404060740337","0.14111995797916682","0.1447864335676732"
"100","200","200","200","0.1440494906974394","0.14196131074699872","0.14712658993282274"
"101","202","202","202","0.14389349897342812","0.14166045113312906","0.1458305775134165"
"102","204","204","204","0.14274059596798144","0.13972080909804055","0.14486043821869388"
"103","206","206","206","0.14223323919731307","0.1408163968589001","0.14404718622809734"
"104","208","208","208","0.14233843959722609","0.13979097312784325","0.14486589368930602"
"105","210","210","210","0.14341952650985362","0.14087819216095854","0.14675932881589346"
"106","212","212","212","0.1425556932272281","0.13975173312332823","0.1461530958913069"
"107","214","214","214","0.14134311100213437","0.1383657658103668","0.1449130263941182"
"108","216","216","216","0.1425285149810938","0.14082593242479838","0.14528850358710285"
"109","218","218","218","0.1419753365926601","0.13935154165346156","0.1456476491986013"
"110","220","220","220","0.14156644718346634","0.1396454040603625","0.1453590498517437"
"111","222","222","222","0.14076901535616365","0.1389064002624979","0.14365335712200902"
"112","224","224","224","0.14081869853872298","0.13865157032179476","0.14343869620483496"
"113","226","226","226","0.14048471220069708","0.137924649397904","0.14313460519214138"
"114","228","228","228","0.14060771548212178","0.13708920598597535","0.14349611982014499"
"115","230","230","230","0.1406274624458605","0.13814861908384599","0.14207939917588538"
"116","232","232","232","0.14043714871009053","0.13767819840523865","0.14287237097019023"
"117","234","234","234","0.1402354816879621","0.137362769841122","0.14341888734838631"
"118","236","236","236","0.14023522491665963","0.13804589625629185","0.14258422245888772"
"119","238","238","238","0.1391244326449403","0.13731835939874143","0.14071410401207837"
"120","240","240","240","0.13957733973078024","0.13848769467232339","0.14237577433423504"
"121","242","242","242","0.13910342374116816","0.13706945168955678","0.14168607534722272"
"122","244","244","244","0.13965349454820147","0.13788323423838805","0.14218537058442843"
"123","246","246","246","0.13947594920366316","0.13756732988586778","0.1428260575778343"
"124","248","248","248","0.1394087154882336","0.1360907237384262","0.144613943241308"
"125","250","250","250","0.13927836180955327","0.13692924778282156","0.14388770249260496"
"126","252","252","252","0.13891634422200821","0.13503308015028098","0.14089065896175212"
"127","254","254","254","0.1379321035942401","0.13622576832653183","0.14135038875518843"
"128","256","256","256","0.13843025485897187","0.13548111888739214","0.142374765997598"
"129","258","258","258","0.13774642417140326","0.136658594124458","0.13933899087186585"
"130","260","260","260","0.13803516131908683","0.1364935556792077","0.1420170337002885"
"131","262","262","262","0.1380920899060176","0.13621180991925513","0.14040463917876464"
"132","264","264","264","0.13785106242275885","0.13518758301330744","0.1422243704853831"
"133","266","266","266","0.13779372894625883","0.1358421412915993","0.13957442532994918"
"134","268","268","268","0.13746303968876952","0.13603219202153513","0.13887920158023784"
"135","270","270","270","0.13700520257658347","0.13552595496787012","0.1388380482720171"
"136","272","272","272","0.13817141460567073","0.1356053106924488","0.14000069135201665"
"137","274","274","274","0.13722438820140773","0.13534858383814458","0.14034568179312978"
"138","276","276","276","0.137177465207457","0.13445963026443344","0.13912643913793166"
"139","278","278","278","0.13685376359859003","0.13465260277104799","0.13979491993769771"
"140","280","280","280","0.13741776678291462","0.13502324234785104","0.13923357627788782"
"141","282","282","282","0.13674292829249649","0.13453449315601876","0.13807537751182988"
"142","284","284","284","0.13625174099754456","0.13467493577578457","0.13803312307123788"
"143","286","286","286","0.13746441362824122","0.1351207303843851","0.1396354451238353"
"144","288","288","288","0.1368247435145987","0.1353673102189527","0.1390885516062894"
"145","290","290","290","0.13694297695700758","0.13544483451711808","0.13977895289220083"
"146","292","292","292","0.13566826127587395","0.1335793052476494","0.13910378143808066"
"147","294","294","294","0.13622518067118547","0.13397054884667875","0.13886416061781626"
"148","296","296","296","0.13606108936301223","0.13439119022766127","0.1379861131605643"
"149","298","298","298","0.1351468224082241","0.13351081039074988","0.13765086915511282"
"150","300","300","300","0.13511282319255982","0.1334257865383913","0.13671883064605242"
"151","302","302","302","0.13593064645103947","0.13319163680180393","0.13839330359467128"
"152","304","304","304","0.1354548505942887","0.13357719544634503","0.1388468460142173"
"153","306","306","306","0.13488859761090916","0.13243019242825665","0.1369534187817342"
"154","308","308","308","0.1356183745127675","0.13379796076572972","0.13838693453442574"
"155","310","310","310","0.1347423137419329","0.13069901605613637","0.13738754257977745"
"156","312","312","312","0.13475403177223094","0.13245425253582094","0.1373755538183081"
"157","314","314","314","0.1347591003810682","0.13226535726823604","0.13766314796223242"
"158","316","316","316","0.13488385449437168","0.13300087906352848","0.13606523300752307"
"159","318","318","318","0.13462032136843746","0.13209593053066448","0.13728417128508816"
"160","320","320","320","0.13493263971517683","0.132458780940265","0.1367054095521528"
"161","322","322","322","0.1347808171130708","0.13336063667000256","0.13735167178325414"
"162","324","324","324","0.1349585499036774","0.13183342345439814","0.13676169903293894"
"163","326","326","326","0.13454134762647174","0.13272174058792854","0.13680042238265352"
"164","328","328","328","0.13545951076675297","0.13277578751127214","0.13780371089465618"
"165","330","330","330","0.1348333344353936","0.13203137890537378","0.13754318420581524"
"166","332","332","332","0.1348376307886606","0.13255389339696527","0.13733421579903032"
"167","334","334","334","0.13474796378871162","0.1327354918013387","0.1365979373782926"
"168","336","336","336","0.13442585649950636","0.13217706824874012","0.13704386732759494"
"169","338","338","338","0.1342630370123282","0.1327204295885528","0.13599807321805277"
"170","340","340","340","0.13452231761723862","0.13322338699774713","0.13657332431418417"
"171","342","342","342","0.13448390155073983","0.1329210234591803","0.13588348472192585"
"172","344","344","344","0.1345354517278182","0.1325580657722308","0.1375363493640972"
"173","346","346","346","0.13474725005205163","0.13248501764337356","0.1380696198838085"
"174","348","348","348","0.13425704618517248","0.13250481814883275","0.13655928247680335"
"175","350","350","350","0.13317352195030405","0.13132804775646115","0.13439858990482575"
"176","352","352","352","0.13466785920238628","0.1322011270810967","0.1358281769999723"
"177","354","354","354","0.13414580836454598","0.13259404543606698","0.1373121796588003"
"178","356","356","356","0.13368888141907115","0.13188775766217392","0.13573716593365168"
"179","358","358","358","0.13444994014910394","0.13157433418628123","0.1370238562153545"
"180","360","360","360","0.13419113051464868","0.13292662447038364","0.13576893659947356"
"181","362","362","362","0.13407792594847615","0.1321133717996888","0.13721891883787227"
"182","364","364","364","0.13413652078030305","0.13302180848729916","0.13582701842228007"
"183","366","366","366","0.1346085621115611","0.13202134272624466","0.13938035138611965"
"184","368","368","368","0.1340166953854211","0.131834217684943","0.13669212367042796"
"185","370","370","370","0.13404867169810117","0.13244388005134838","0.13786731161516108"
"186","372","372","372","0.1341559099172383","0.1308330032104861","0.13721590036965559"
"187","374","374","374","0.13379549919875247","0.13135841495302175","0.1366413478513922"
"188","376","376","376","0.13356953708220395","0.131815117302644","0.13581303389815916"
"189","378","378","378","0.13369737763243078","0.1316506059284642","0.13534068985583667"
"190","380","380","380","0.13331696827216472","0.13153411661254916","0.13600251875842584"
"191","382","382","382","0.13351736195318958","0.13093162486861468","0.1357144045264114"
"192","384","384","384","0.133138690497044","0.13231810802200006","0.13454348429878782"
"193","386","386","386","0.13368684880346057","0.13063037573154807","0.13671571257300075"
"194","388","388","388","0.1332292798722613","0.13134272735773117","0.13523529894743674"
"195","390","390","390","0.13283391067733563","0.13086647715811806","0.13453580880175078"
"196","392","392","392","0.13429763774117612","0.13277714802523688","0.13647078155785577"
"197","394","394","394","0.13352290990578478","0.13027965092524957","0.13547337267362256"
"198","396","396","396","0.13359015794164558","0.13028940891436588","0.1355654769501125"
"199","398","398","398","0.13355704217326875","0.13092676399333236","0.13541032345947882"
"200","400","400","400","0.13389913473543155","0.13170791031774734","0.13610140690362"
"201","402","402","402","0.13357181959283548","0.13070676603234305","0.13634346563969382"
"202","404","404","404","0.13280455005728248","0.13117893125923097","0.13492821256170215"
"203","406","406","406","0.13312155976404919","0.13129550631730785","0.135033112777903"
"204","408","408","408","0.13270066215162835","0.13128691199285056","0.13371959314663817"
"205","410","410","410","0.13279796484758566","0.1306100639308631","0.13456501336415855"
"206","412","412","412","0.13272680672225468","0.13116425401928433","0.13548527143346142"
"207","414","414","414","0.13219638539365197","0.1312494045966247","0.13356167626701354"
"208","416","416","416","0.13312809010388224","0.13091172450014213","0.13476951304565388"
"209","418","418","418","0.132750274886072","0.13067325537785374","0.13481592485766072"
"210","420","420","420","0.1331756081460918","0.1308233213298721","0.136248327236504"
"211","422","422","422","0.13373451928996744","0.13098895346629624","0.13776391929057308"
"212","424","424","424","0.13234740197870526","0.12973997237544085","0.13541762665524745"
"213","426","426","426","0.131961396292224","0.12974379754248658","0.13368128339085708"
"214","428","428","428","0.13234282515571286","0.13113587692372577","0.13423568099345837"
"215","430","430","430","0.13317852641905967","0.13028806190527203","0.13515833904491828"
"216","432","432","432","0.13253415839099908","0.13094693659235654","0.1343400951927979"
"217","434","434","434","0.13268958261141633","0.13065122394786574","0.13609941932370942"
"218","436","436","436","0.13283574552548857","0.1305443112014154","0.13529610502421213"
"219","438","438","438","0.1325658232538271","0.1307603535721752","0.13563183237340018"
"220","440","440","440","0.13344650452223142","0.13182312072175018","0.1357998199898055"
"221","442","442","442","0.13295471636763043","0.13058211982674117","0.13692250009154341"
"222","444","444","444","0.13347731526307122","0.13108511788782148","0.13612237550083145"
"223","446","446","446","0.1323775744414371","0.13119976337697228","0.13377869905112744"
"224","448","448","448","0.1324272517452307","0.13090828196682333","0.1347418383778287"
"225","450","450","450","0.1328430354376332","0.13130038198085758","0.13451109048268295"
"226","452","452","452","0.1330123175050974","0.13135039303720272","0.13407520885262217"
"227","454","454","454","0.1325692763855152","0.13122619359651602","0.13418258966676377"
"228","456","456","456","0.13263066489405023","0.13095435658696034","0.13429747077360557"
"229","458","458","458","0.132277969753734","0.13045583448258855","0.13418876349184536"
"230","460","460","460","0.13303188437731794","0.13160168352906085","0.13404932351724574"
"231","462","462","462","0.13265092565524766","0.13130986191950866","0.1356127272964358"
"232","464","464","464","0.1330329748583316","0.12926875046062958","0.13548579745968695"
"233","466","466","466","0.1330497616696378","0.13088075724898182","0.13458733551402682"
"234","468","468","468","0.13244069220305768","0.13039996783956356","0.13644802941323947"
"235","470","470","470","0.13323763755168064","0.13101313494701858","0.13581453801211432"
"236","472","472","472","0.13266850763501586","0.13132467168471043","0.13414521839624113"
"237","474","474","474","0.13220953149508324","0.1304518058366893","0.13426329496476308"
"238","476","476","476","0.13220434199950412","0.13036340126155413","0.13397076408170094"
"239","478","478","478","0.132982888018107","0.1306461359406117","0.13536827912890367"
"240","480","480","480","0.13250406178246663","0.13063903665811635","0.13481546979612036"
"241","482","482","482","0.13279016255515994","0.13078120038270521","0.1363911800307306"
"242","484","484","484","0.13165491728906653","0.13016321947319148","0.13357300291915516"
"243","486","486","486","0.1321262855719702","0.1295038102803306","0.13477465632124047"
"244","488","488","488","0.1324793329057531","0.12996701554807352","0.13447571400440697"
"245","490","490","490","0.13297640299744856","0.1307774367116576","0.13542489939580427"
"246","492","492","492","0.132181690726475","0.130094536768313","0.13438285046429607"
"247","494","494","494","0.13238748208175308","0.13060506410239606","0.1335250084880621"
"248","496","496","496","0.13191264427312913","0.1310004057816697","0.1337773328838017"
"249","498","498","498","0.13147757582444725","0.12938103812503435","0.13355635570799462"
"250","500","500","500","0.13166540501461205","0.12888128655729028","0.13451808231516146"
"251","502","502","502","0.13238067912534537","0.13021034817995353","0.13420893229443911"
"252","504","504","504","0.13240606730211274","0.13102309569909532","0.13394632181835345"
"253","506","506","506","0.13229305638976185","0.1302082785789628","0.13642006133922258"
"254","508","508","508","0.13258635122100682","0.13005900070248488","0.13540320291248834"
"255","510","510","510","0.13299734653558132","0.13086678441262517","0.13686857716158174"
"256","512","512","512","0.132220155154729","0.1308719093776684","0.13341864789749558"
"257","514","514","514","0.13245190299746032","0.13116154457726423","0.13509489091301552"
"258","516","516","516","0.1321531792501695","0.13077789417913585","0.13344536696930268"
"259","518","518","518","0.13183182931561027","0.12975420644832114","0.13308378370237176"
"260","520","520","520","0.13182515719674487","0.1293824852460824","0.13356674490429477"
"261","522","522","522","0.13238485693343272","0.13010858638194003","0.13565408021975076"
"262","524","524","524","0.13232311941632585","0.12989687671895736","0.13543829224744686"
"263","526","526","526","0.13193353266063812","0.12935159784238925","0.1346047719485888"
"264","528","528","528","0.13205126438803957","0.13022924274832137","0.13310056870210438"
"265","530","530","530","0.13217386869336178","0.12983435846945937","0.13507793778164326"
"266","532","532","532","0.1324112819772765","0.1305915420635839","0.1349576797177174"
"267","534","534","534","0.13191361672788643","0.12908352514346352","0.1342381413369425"
"268","536","536","536","0.1316414218906521","0.1294403771217028","0.13353857373597777"
"269","538","538","538","0.133006921773207","0.1298545928320412","0.13513611546020923"
"270","540","540","540","0.13262278596164426","0.12997262341101626","0.13489341819426237"
"271","542","542","542","0.13191435879049945","0.1302341223256895","0.13375335301016095"
"272","544","544","544","0.1323356437261917","0.13065894925976515","0.1341750356785404"
"273","546","546","546","0.13112041997066587","0.12950248961336494","0.1320986184291551"
"274","548","548","548","0.13203759173803273","0.12975345947826433","0.13403128970931588"
"275","550","550","550","0.13204187008565932","0.1307638021924701","0.1347277993561083"
"276","552","552","552","0.1320730799533234","0.12852383083748814","0.1385903691933526"
"277","554","554","554","0.13184092417937826","0.13048133992950633","0.13320639970045534"
"278","556","556","556","0.13123299475355615","0.12971726822324958","0.13362893484436653"
"279","558","558","558","0.13154445938262854","0.1287893561285201","0.13550052007837593"
"280","560","560","560","0.13160223813015812","0.1287931310105348","0.13351941024520386"
"281","562","562","562","0.1321402088375817","0.1301737734908191","0.1340094295011257"
"282","564","564","564","0.1320581187430744","0.12880311958890237","0.13586059182124502"
"283","566","566","566","0.13209623253142938","0.13111486972975656","0.13346848666351788"
"284","568","568","568","0.13168351638225007","0.12980820626250697","0.1339800644227774"
"285","570","570","570","0.13198299253808804","0.129003056330067","0.1341461210342757"
"286","572","572","572","0.13226468493692417","0.12890090379542082","0.13587158054958506"
"287","574","574","574","0.13187470090257364","0.12932813865464285","0.1343989786779251"
"288","576","576","576","0.13169124187121342","0.1301329875276027","0.1348067713601065"
"289","578","578","578","0.1319388254538632","0.13102928001737468","0.13370061855809529"
"290","580","580","580","0.1315320122009087","0.12981232749484073","0.13305685350558802"
"291","582","582","582","0.13176616517833578","0.12953760048179047","0.1333913124842474"
"292","584","584","584","0.1313930820274505","0.12931467063327998","0.13263795020159388"
"293","586","586","586","0.1315655253745271","0.129498603209768","0.13370935426333952"
"294","588","588","588","0.13125221684911498","0.12868845293106032","0.133213346602186"
"295","590","590","590","0.13118918081496436","0.12812586869483691","0.13320045375996775"
"296","592","592","592","0.13192268063505833","0.12977911072212509","0.1351229558726804"
"297","594","594","594","0.13101616184341552","0.12875191056377525","0.1332056087725113"
"298","596","596","596","0.13178593618895465","0.12882552492378588","0.133607717756484"
"299","598","598","598","0.13201108602380168","0.13025893297045568","0.13483393532232318"
"300","600","600","600","0.13191363436101217","0.12926243045218636","0.1350219984170977"
"301","602","602","602","0.13163786765020916","0.12941454819527537","0.1344332503400115"
"302","604","604","604","0.1312782317823934","0.12910209871208808","0.13310232441032666"
"303","606","606","606","0.13135926711229734","0.1293729662262813","0.13280162912284013"
"304","608","608","608","0.1319912230580207","0.13048057944853944","0.13422469243753865"
"305","610","610","610","0.1312610145441496","0.12846644704878815","0.13292558439802893"
"306","612","612","612","0.13201836549598361","0.1303291125666322","0.13402642460263237"
"307","614","614","614","0.1314700467080429","0.12894163112409732","0.13350867171303818"
"308","616","616","616","0.13099192672014506","0.12903762387143375","0.1326796581738324"
"309","618","618","618","0.13091837751773178","0.12987869324504836","0.13245512982486168"
"310","620","620","620","0.13096727732466257","0.12962133562013436","0.13270000740987256"
"311","622","622","622","0.13123001163033954","0.12947526393709596","0.13410342136717454"
"312","624","624","624","0.1322469886972439","0.1293556601297124","0.13507076324211573"
"313","626","626","626","0.13133360929345034","0.12969810520904962","0.133634468780954"
"314","628","628","628","0.131311735499568","0.13015462583848394","0.1327953958209872"
"315","630","630","630","0.13115649978755284","0.12861191594247887","0.13501879796001445"
"316","632","632","632","0.13125892262113842","0.12929183734955707","0.13377354699429914"
"317","634","634","634","0.13100996213033717","0.1292442151440147","0.134823908842457"
"318","636","636","636","0.13123601438423088","0.12921617411671352","0.13424266457770032"
"319","638","638","638","0.13065965985910416","0.12798186988836505","0.13343603384653194"
"320","640","640","640","0.13133319069909422","0.12969289057948402","0.13335998177891917"
"321","642","642","642","0.13135206982146821","0.1297444515461953","0.13405888578117534"
"322","644","644","644","0.13115231732281352","0.12880121590446827","0.13440009108476134"
"323","646","646","646","0.13069719735095073","0.12915649099535395","0.13336789963930507"
"324","648","648","648","0.13045113543422163","0.12859180717811242","0.1324610991357354"
"325","650","650","650","0.1313654429225464","0.13002445998257797","0.13409136246338368"
"326","652","652","652","0.13187748405805444","0.12997964582167773","0.13411599713449013"
"327","654","654","654","0.1314227398353485","0.1294368051018214","0.13271414037234508"
"328","656","656","656","0.1307814308340001","0.12867160504736694","0.13212365499227846"
"329","658","658","658","0.13118090797933976","0.12977807768109506","0.1331857206470976"
"330","660","660","660","0.13098971895270126","0.1292482662913474","0.13388748308423506"
"331","662","662","662","0.13093806242368924","0.1290168989410491","0.13365829093639872"
"332","664","664","664","0.1308564268167047","0.12841354664010893","0.13347123932005653"
"333","666","666","666","0.1310418710385131","0.1290848570337709","0.13475443816216517"
"334","668","668","668","0.1307025269724721","0.1288278160997855","0.13248152669037172"
"335","670","670","670","0.13109869159412113","0.12834644214843577","0.1336465065140202"
"336","672","672","672","0.13122638672300038","0.12765038955295","0.13353315695431225"
"337","674","674","674","0.1300063720227012","0.12781614289287274","0.13172629987203718"
"338","676","676","676","0.13093190450012634","0.12843108582370327","0.13642959509515437"
"339","678","678","678","0.13075402763785066","0.12797379685088628","0.13311089608947654"
"340","680","680","680","0.13096964596622823","0.12819071808631075","0.1341821742729443"
"341","682","682","682","0.13065751391033334","0.12846062538697442","0.13371070671789562"
"342","684","684","684","0.13055472527976128","0.12923814574412873","0.13267311871129087"
"343","686","686","686","0.13052800556628988","0.12781250853605686","0.13325826161417104"
"344","688","688","688","0.13084464418924818","0.12807542282178","0.13287015040297534"
"345","690","690","690","0.13114879512999406","0.12938830275860944","0.13472863657721051"
"346","692","692","692","0.13149186276509844","0.12863675118622506","0.13409647778973663"
"347","694","694","694","0.13089102604688263","0.12781911639992044","0.13373360555869343"
"348","696","696","696","0.13041700847933252","0.12795279948147825","0.13285677749740893"
"349","698","698","698","0.1313390943095521","0.12866473121938882","0.1361905625746281"
"350","700","700","700","0.13077721533836995","0.12869968317016126","0.13333611198337353"
"351","702","702","702","0.13095606015064493","0.12875712775088244","0.1329142316468704"
"352","704","704","704","0.13060058958540785","0.1298379277827458","0.13196892041869623"
"353","706","706","706","0.131784885308103","0.12935385904156432","0.1340611644675098"
"354","708","708","708","0.1313948415520283","0.1283275775822239","0.13533707763120978"
"355","710","710","710","0.1319120870369568","0.1299132149556771","0.13362141208557893"
"356","712","712","712","0.13107641260475678","0.12952142851041312","0.13339588946730052"
"357","714","714","714","0.13150007800334432","0.1288024445291231","0.13359869489922327"
"358","716","716","716","0.13179910584943513","0.1296720204012168","0.13491237433266853"
"359","718","718","718","0.13146141476192935","0.12987573311054443","0.1328292564542452"
"360","720","720","720","0.13193587429581516","0.13002140964763037","0.1353938479121331"
"361","722","722","722","0.13107601740839764","0.12964740902955918","0.1328069283478513"
"362","724","724","724","0.1316354414461147","0.1294958902943986","0.1330849708260481"
"363","726","726","726","0.1320159718163025","0.12986356326022586","0.1350432942132247"
"364","728","728","728","0.13121045162734177","0.1290401092796798","0.13524896701222372"
"365","730","730","730","0.1314625525241406","0.13021296484896913","0.13307400181500387"
"366","732","732","732","0.13096987627140075","0.12889068239240098","0.13304407651121108"
"367","734","734","734","0.13133825087644105","0.12882958274705855","0.13292469436610269"
"368","736","736","736","0.13097053525255847","0.12931179676855648","0.13314088612836672"
"369","738","738","738","0.13156326855065506","0.12890242042696884","0.13535142869315342"
"370","740","740","740","0.13201460635574397","0.12851030332095842","0.13463350404220056"
"371","742","742","742","0.13080107951161773","0.1291363226974793","0.13240172520794052"
"372","744","744","744","0.13088807718721177","0.127018905632982","0.1329148235664786"
"373","746","746","746","0.13191967768521448","0.12917271585214538","0.13563566461620968"
"374","748","748","748","0.13083434207552896","0.12785212969650722","0.13256386943793624"
"375","750","750","750","0.13199095328726013","0.12918596047419792","0.13386141708468174"
"376","752","752","752","0.13141386501599722","0.1285340080708246","0.1337470327124145"
"377","754","754","754","0.13102815798469833","0.12890234865098218","0.13277473243532156"
"378","756","756","756","0.13082580745837277","0.12858779096173167","0.13281883828840094"
"379","758","758","758","0.13111732876804244","0.128351882463542","0.13345758081966505"
"380","760","760","760","0.13051688439702486","0.12750700333304094","0.13234030154448803"
"381","762","762","762","0.1310042517683348","0.12882494512565337","0.133158438420583"
"382","764","764","764","0.13112045393344954","0.12782740349819566","0.1338262397421034"
"383","766","766","766","0.13171968710643145","0.13038641631940506","0.13366131784025886"
"384","768","768","768","0.1317260142458808","0.129418070219954","0.13363200462915556"
"385","770","770","770","0.13212292857486","0.12971314131396064","0.13456399870189636"
"386","772","772","772","0.13160398465257045","0.1294167228154989","0.133597776743439"
"387","774","774","774","0.13027240758872885","0.1281691621232269","0.1323944600684211"
"388","776","776","776","0.12989817427039102","0.12760711789662496","0.13276351842583559"
"389","778","778","778","0.13086396587874494","0.1282348631191011","0.135487071905367"
"390","780","780","780","0.13073459768406387","0.12907543957929798","0.13263026938942823"
"391","782","782","782","0.13103253055149322","0.12876540862418728","0.13346724433831617"
"392","784","784","784","0.13056681901295314","0.12885577297733414","0.1324646159010423"
"393","786","786","786","0.13068016308120936","0.1296251437007937","0.131488884970762"
"394","788","788","788","0.1310180890301778","0.12900867235834054","0.13546118067219196"
"395","790","790","790","0.1307865878046022","0.12934923017054056","0.1353333858462557"
"396","792","792","792","0.13024544618763736","0.1272449812200046","0.13166189436818962"
"397","794","794","794","0.13043417732182588","0.1282403022082263","0.1325135191677655"
"398","796","796","796","0.13047531542829532","0.12840752422875462","0.13215225198061695"
"399","798","798","798","0.1309156079239632","0.12899048032816424","0.13349909264006346"
"400","800","800","800","0.13029749530553103","0.12855447324058358","0.1315119294098801"
"401","802","802","802","0.13102387863119355","0.12881361902170416","0.1324564183327098"
"402","804","804","804","0.12945724721730603","0.12823750166144313","0.13179040903465727"
"403","806","806","806","0.1310212227858852","0.1291525543638243","0.13279250151118327"
"404","808","808","808","0.13050817769042442","0.1275691094325591","0.1338831605568208"
"405","810","810","810","0.13016011859154206","0.12765946902606481","0.13268244049854003"
"406","812","812","812","0.13015004516174997","0.1273372433547898","0.13168689238184955"
"407","814","814","814","0.13120413979706594","0.12963740495844142","0.13340748998547883"
"408","816","816","816","0.1305241120873117","0.12904065823344749","0.13187252543291783"
"409","818","818","818","0.1307574785436062","0.12799445768370757","0.13225728133740244"
"410","820","820","820","0.13063377973075038","0.12894499749688956","0.1324120513817312"
"411","822","822","822","0.13146650249444886","0.12999360952656586","0.13303054307761122"
"412","824","824","824","0.13070393550035753","0.1290065165041291","0.1332765110833711"
"413","826","826","826","0.1309129731369246","0.12935906797779587","0.1320664117630318"
"414","828","828","828","0.13130096816670703","0.12938426413107615","0.13316946492114629"
"415","830","830","830","0.13134319260027572","0.1289600697115923","0.13381807801402987"
"416","832","832","832","0.13048481023649275","0.12936288048028438","0.13317935575935452"
"417","834","834","834","0.13105253637662184","0.12704556857940844","0.13368190372604233"
"418","836","836","836","0.1309109678452957","0.12913639738708013","0.13252491178246129"
"419","838","838","838","0.13077250586759329","0.12857740718723848","0.13328882888642635"
"420","840","840","840","0.1315738477636887","0.1281220223305006","0.13573717016687967"
"421","842","842","842","0.1304181809477447","0.1279024978521923","0.1320292272509333"
"422","844","844","844","0.13052977575308738","0.12846836112576024","0.13271786844931915"
"423","846","846","846","0.1306088002869558","0.12798845485802776","0.13430606462598144"
"424","848","848","848","0.13121180885457445","0.12886203801931806","0.13318423761613887"
"425","850","850","850","0.13097662384516626","0.12772999633934404","0.1329491772617426"
"426","852","852","852","0.13062100282014477","0.12853013327501378","0.1329279053397904"
"427","854","854","854","0.13136023047844966","0.12864862156351622","0.1341048982787661"
"428","856","856","856","0.1311027282910216","0.12851200336836235","0.1337041546642732"
"429","858","858","858","0.13081395835491078","0.12750299943630689","0.1325587844296787"
"430","860","860","860","0.1303123681934704","0.12846518441366916","0.1324034060984591"
"431","862","862","862","0.13090293865052774","0.1283243062702904","0.13353687191241756"
"432","864","864","864","0.13038252769072262","0.12910739617935507","0.13266220631630177"
"433","866","866","866","0.13051198317676027","0.12882967458449268","0.13310269781978126"
"434","868","868","868","0.130839368209882","0.12772525999787543","0.13460935996685747"
"435","870","870","870","0.13002915610544025","0.12863891857914925","0.13274451740913723"
"436","872","872","872","0.1302500142901141","0.1289358859304408","0.1316391200294292"
"437","874","874","874","0.13026980940551636","0.1293861331482237","0.1325495140741756"
"438","876","876","876","0.13083475605751155","0.12882690521578605","0.13308762193406454"
"439","878","878","878","0.13044313606089136","0.1284055650898429","0.1331708392429541"
"440","880","880","880","0.13062894294888733","0.12791150661005693","0.132753381953073"
"441","882","882","882","0.130652776152439","0.12895091983308635","0.1325911064156377"
"442","884","884","884","0.13073087190915036","0.12754361067136122","0.13296083939583989"
"443","886","886","886","0.13102688849489724","0.1272330080684035","0.13407213378949484"
"444","888","888","888","0.13083254646597836","0.128350821717344","0.13253782173496284"
"445","890","890","890","0.1310695831930979","0.12929453574741331","0.13262938295757923"
"446","892","892","892","0.13068872188090952","0.12817372062238805","0.13294812116535318"
"447","894","894","894","0.13045113877950068","0.12936165505630923","0.13305195790834098"
"448","896","896","896","0.1307614061781951","0.12694015578816392","0.13354196679220906"
"449","898","898","898","0.13075449266438355","0.12795499766362822","0.1322416301633509"
"450","900","900","900","0.1298598297933064","0.12801595027524182","0.13137587225744352"
"451","902","902","902","0.13156540309175035","0.12938396339344096","0.13502054787244094"
"452","904","904","904","0.1306952847203463","0.1288183155493432","0.13366793189271597"
"453","906","906","906","0.13142810365761926","0.1282542880108473","0.13495270310793747"
"454","908","908","908","0.13036102286281617","0.1288712562032464","0.1326028538074511"
"455","910","910","910","0.13060396259183554","0.1292651061558361","0.1326828584099647"
"456","912","912","912","0.1306420201557656","0.129589212502935","0.13260923026390392"
"457","914","914","914","0.13069472540886276","0.12772888371044236","0.133757776955644"
"458","916","916","916","0.1309690086516711","0.12873187116011683","0.13317847699011137"
"459","918","918","918","0.13079498994167038","0.12804789645223835","0.13312897035827487"
"460","920","920","920","0.1303675441747397","0.127931040452152","0.1335297823068049"
"461","922","922","922","0.13112974498447386","0.12869025078753635","0.13249032944069228"
"462","924","924","924","0.1314400837172444","0.12930599026945613","0.13462567400844655"
"463","926","926","926","0.1307214719870299","0.1291672494150348","0.1343600892244919"
"464","928","928","928","0.13106161093452257","0.12867604660360635","0.13289547622089778"
"465","930","930","930","0.13084072431331836","0.12947038027868324","0.13198090949124192"
"466","932","932","932","0.1304696355489053","0.1285473816594438","0.13255978254635167"
"467","934","934","934","0.13131456350117843","0.1281129000332201","0.13439909689955762"
"468","936","936","936","0.1304424327652865","0.1271518618993384","0.13224456401418555"
"469","938","938","938","0.13127169038121905","0.12940145901904143","0.13324102816778455"
"470","940","940","940","0.13087907782823277","0.12740701664351273","0.13339796995708725"
"471","942","942","942","0.13047242525100858","0.1286260149777555","0.13238949149666634"
"472","944","944","944","0.13023258651074168","0.12704063143219482","0.1336183805898233"
"473","946","946","946","0.1304344519155722","0.12768954293156715","0.13246795121008295"
"474","948","948","948","0.13084908074666593","0.12915340658155924","0.13217440109225928"
"475","950","950","950","0.13074287431776405","0.12911158064445638","0.13260642529036312"
"476","952","952","952","0.13038047150741489","0.1260862753524074","0.13295560212259205"
"477","954","954","954","0.1305628453919842","0.1289541039280921","0.1336202562349022"
"478","956","956","956","0.13120815357456045","0.12783458300219372","0.1349573928124177"
"479","958","958","958","0.1304973674930065","0.1273786951324734","0.1349427065282989"
"480","960","960","960","0.13120879804926744","0.12966849124252833","0.13323094229025217"
"481","962","962","962","0.1310071217137288","0.1292164891089881","0.1329460517633881"
"482","964","964","964","0.13132263227509916","0.12910676194810086","0.13339334723374635"
"483","966","966","966","0.13074526909995118","0.12840722961150325","0.13373010791710793"
"484","968","968","968","0.13112086300971962","0.12860124228003245","0.1347708328047333"
"485","970","970","970","0.13104395265273164","0.12886153322967026","0.13360921878899587"
"486","972","972","972","0.1305809205901572","0.12885382005368956","0.13284419911748932"
"487","974","974","974","0.130611657335394","0.12887247176176395","0.13217586776561469"
"488","976","976","976","0.12981516020971054","0.12722274302536069","0.13366408017231096"
"489","978","978","978","0.13066497693027018","0.12885911192038846","0.13300695772451157"
"490","980","980","980","0.13047308636637056","0.12839742536578916","0.1341484256527104"
"491","982","982","982","0.13160589089458535","0.12909767439106382","0.1336612659382675"
"492","984","984","984","0.13073744145306096","0.12891733601185473","0.13341148866807157"
"493","986","986","986","0.1309758600969045","0.12904574599756502","0.1323896936262308"
"494","988","988","988","0.13135240634969342","0.12955725174986457","0.13326501789149894"
"495","990","990","990","0.13022173324777178","0.12833802157161273","0.13215282713596102"
"496","992","992","992","0.13012349818871682","0.12724734472462979","0.13439155748035633"
"497","994","994","994","0.13109710568261082","0.12793924033755916","0.13487974372477374"
"498","996","996","996","0.13040710080147905","0.12813535254416847","0.13212740571702003"
"499","998","998","998","0.13053550216184778","0.12827739757136308","0.13265788534642273"
"500","1000","1000","1000","0.1300383032703911","0.12727632358934196","0.13241314960202116"
"501","1002","1002","1002","0.1298289618823593","0.12793559468229743","0.1317891146134881"
"502","1004","1004","1004","0.1309569017141194","0.1293277048573239","0.13299525930673958"
"503","1006","1006","1006","0.13108928150768767","0.12886396373077566","0.13451559197952961"
"504","1008","1008","1008","0.13075900625573014","0.1280613908597777","0.1338637214404185"
"505","1010","1010","1010","0.13041263576445125","0.12687842412238262","0.1328769995470392"
"506","1012","1012","1012","0.13081486195488848","0.1273896842039265","0.13452656789871023"
"507","1014","1014","1014","0.1307817385513684","0.1269456848585842","0.1345114115563287"
"508","1016","1016","1016","0.13048038089113673","0.12730115676984047","0.1337036830190865"
"509","1018","1018","1018","0.1304036272855873","0.12821635722299762","0.1328682509014629"
"510","1020","1020","1020","0.13131431968824786","0.12911961979659553","0.13524387548023456"
"511","1022","1022","1022","0.13038621031416384","0.12737588680244","0.13408848025612477"
"512","1024","1024","1024","0.13057293067501657","0.12885596209269054","0.13377269776399595"
"513","1026","1026","1026","0.13065430629353275","0.12902070934351037","0.1327906116251132"
"514","1028","1028","1028","0.13107052613991738","0.12952711606599135","0.13421316115590046"
"515","1030","1030","1030","0.1318236715638001","0.12963463471044845","0.1334924154626788"
"516","1032","1032","1032","0.13063709366029494","0.1291330439294304","0.13320251747215323"
"517","1034","1034","1034","0.13106100482143795","0.12952846422260542","0.13374948636816386"
"518","1036","1036","1036","0.1312341660056874","0.1297436732453727","0.1342132679993344"
"519","1038","1038","1038","0.13108172866051396","0.12950048448800336","0.13289464397576062"
"520","1040","1040","1040","0.1309735124943779","0.12770237037387674","0.13332506035396813"
"521","1042","1042","1042","0.13146332970936503","0.12785940840002646","0.13581293058115826"
"522","1044","1044","1044","0.13067164440761267","0.12840771322934755","0.13247877623814844"
"523","1046","1046","1046","0.1308687823123636","0.12911732090134634","0.13269979246002186"
"524","1048","1048","1048","0.13090473243020478","0.12770958041574104","0.13291234786381376"
"525","1050","1050","1050","0.13066057495208336","0.12797227858079344","0.13260713867387272"
"526","1052","1052","1052","0.1306070967037217","0.12826524375225523","0.13417811313697536"
"527","1054","1054","1054","0.1313875398778856","0.12923610396926977","0.1345545469538945"
"528","1056","1056","1056","0.1308501552749548","0.12854861151516395","0.132844839468098"
"529","1058","1058","1058","0.13071484072650963","0.1289202291880264","0.13263032215902484"
"530","1060","1060","1060","0.1311217115781018","0.12854490984088654","0.13411047604643617"
"531","1062","1062","1062","0.13051071954988236","0.12714187817929262","0.13292048764898878"
"532","1064","1064","1064","0.13091186029893082","0.1291633067670299","0.13324371376670135"
"533","1066","1066","1066","0.1303768091354713","0.12841851351278719","0.1316500214171222"
"534","1068","1068","1068","0.12999419527804584","0.12748967563515406","0.1345382007273631"
"535","1070","1070","1070","0.13063568410137855","0.1300357573283579","0.131614449618175"
"536","1072","1072","1072","0.13027287504377963","0.12880042857082685","0.13285665237360783"
"537","1074","1074","1074","0.13025409006130595","0.1274633402342447","0.13279748243583844"
"538","1076","1076","1076","0.13127134062808127","0.1293020101838301","0.13372941720717907"
"539","1078","1078","1078","0.13034694411940126","0.12790456961663496","0.13357864864890465"
"540","1080","1080","1080","0.1311307227697292","0.12964276255959314","0.13224074800420332"
"541","1082","1082","1082","0.13152074682032994","0.1294047844595188","0.13384688177946183"
"542","1084","1084","1084","0.13059409856369827","0.12824658239874723","0.1328196497137825"
"543","1086","1086","1086","0.1312417286895494","0.12842245102371125","0.1338657696814875"
"544","1088","1088","1088","0.13025610189472472","0.12701610043725192","0.13288687230460605"
"545","1090","1090","1090","0.13129130005983924","0.12926971908037538","0.13595642745117806"
"546","1092","1092","1092","0.13074162684880092","0.12846768248671459","0.13290204455783494"
"547","1094","1094","1094","0.13024167347444895","0.128425197885435","0.13259657349100687"
"548","1096","1096","1096","0.12994208311309158","0.12846328038287946","0.13164495924161068"
"549","1098","1098","1098","0.13017138787399965","0.12914731902821847","0.13136728246248502"
"550","1100","1100","1100","0.1303122308834006","0.12862933788076272","0.13207852672062642"
"551","1102","1102","1102","0.1304482162156209","0.1289052970325922","0.13244286454151952"
"552","1104","1104","1104","0.13064260698144106","0.1292499790759309","0.13222109195505394"
"553","1106","1106","1106","0.13001217047461894","0.1286205803632315","0.13182228987082403"
"554","1108","1108","1108","0.13005233096165106","0.12731225335355031","0.13244019573645535"
"555","1110","1110","1110","0.13028866817381082","0.12860086589383388","0.131979527289152"
"556","1112","1112","1112","0.13042408949808434","0.12873800932539653","0.13279815971591533"
"557","1114","1114","1114","0.1310964317921149","0.12861641703282808","0.13451036653224926"
"558","1116","1116","1116","0.13082286313008937","0.12868396407739952","0.1332505160266968"
"559","1118","1118","1118","0.12981443300383622","0.12833232619763008","0.1323170183019153"
"560","1120","1120","1120","0.1306377454484428","0.12795482433835742","0.13248004178614564"
"561","1122","1122","1122","0.13024049809091975","0.1283734448016928","0.13207498216026223"
"562","1124","1124","1124","0.1311020122358491","0.1281739106068705","0.13363624056563547"
"563","1126","1126","1126","0.13031700011147238","0.12910519481601335","0.13232855895669318"
"564","1128","1128","1128","0.12990581949778973","0.12775129188562367","0.13247372212631867"
"565","1130","1130","1130","0.13094213659474918","0.12915012155708","0.13381910133255231"
"566","1132","1132","1132","0.13050114661748885","0.1290076537783059","0.13170555925980887"
"567","1134","1134","1134","0.1301171450164568","0.1288756532988017","0.13150395674427975"
"568","1136","1136","1136","0.1302776747995672","0.12782123128190914","0.13284254008135732"
"569","1138","1138","1138","0.13044153705850217","0.12859635885177972","0.1335860446527624"
"570","1140","1140","1140","0.13081512124509734","0.12865013252628144","0.13258370783901488"
"571","1142","1142","1142","0.1308853055119044","0.12951661057870278","0.13255703148146813"
"572","1144","1144","1144","0.1305394929308163","0.12838483977999104","0.13281851243577858"
"573","1146","1146","1146","0.1307502782531167","0.12941155234134974","0.1322129849625512"
"574","1148","1148","1148","0.13049275608966063","0.12869912057976504","0.1321976039066645"
"575","1150","1150","1150","0.13014208950174305","0.12876115939570382","0.13200726352716766"
"576","1152","1152","1152","0.1299684594088001","0.12852166201042836","0.13117190114276814"
"577","1154","1154","1154","0.13001511622609396","0.12816037728189714","0.13100378433708004"
"578","1156","1156","1156","0.1304809698198514","0.12811426136446022","0.13307171835728093"
"579","1158","1158","1158","0.13027068104391665","0.12870074763178727","0.1327054662857231"
"580","1160","1160","1160","0.130498828465494","0.12849163268475963","0.13347423012957746"
"581","1162","1162","1162","0.13047855822478144","0.12801631609305703","0.13302530030416437"
"582","1164","1164","1164","0.13059871298197348","0.12812967535722483","0.13489910593873122"
"583","1166","1166","1166","0.13031231120868236","0.1275375426208141","0.13520901548058603"
"584","1168","1168","1168","0.1305096988533101","0.12783988867557602","0.13312800576331738"
"585","1170","1170","1170","0.1303506029712937","0.12793063352196563","0.13364574916009758"
"586","1172","1172","1172","0.13034782908743117","0.12809694463623428","0.13202647997460806"
"587","1174","1174","1174","0.1300039358254174","0.1276134547810758","0.1323442169932966"
"588","1176","1176","1176","0.13069940076029146","0.12815149975243814","0.13323279448669195"
"589","1178","1178","1178","0.1306794514873565","0.12831363680070368","0.13298513906973694"
"590","1180","1180","1180","0.12967598262254135","0.12877643753644277","0.13080923485206086"
"591","1182","1182","1182","0.13068534099038626","0.12888089691614582","0.1338396994212831"
"592","1184","1184","1184","0.13089927563851322","0.1282765285265096","0.13364197101287725"
"593","1186","1186","1186","0.13060777930190676","0.12817756593973395","0.1341547101642634"
"594","1188","1188","1188","0.13011768353155287","0.12730232335580935","0.1328454660832524"
"595","1190","1190","1190","0.13035644908155453","0.12803066798093385","0.1329450611851856"
"596","1192","1192","1192","0.13040847803313219","0.12872342958705246","0.13247959700244627"
"597","1194","1194","1194","0.12999615241160314","0.12820873378255454","0.13319873983470057"
"598","1196","1196","1196","0.13035456593251846","0.1289600342603979","0.13172376556089882"
"599","1198","1198","1198","0.13078973955954953","0.12842133213898174","0.13529062221790647"
"600","1200","1200","1200","0.13062987984623214","0.12804298028179759","0.13222414560680962"
"601","1202","1202","1202","0.13077818753196221","0.12951122404328247","0.13374797608895092"
"602","1204","1204","1204","0.13085319725049344","0.1294889783230132","0.13304685328236618"
"603","1206","1206","1206","0.13052731900915332","0.12792834890789703","0.1341941076647731"
"604","1208","1208","1208","0.1309172145637072","0.12918534888514022","0.13502350607160776"
"605","1210","1210","1210","0.13009723732578476","0.1268998732129293","0.13313738264714203"
"606","1212","1212","1212","0.13081884768777194","0.12860431910943268","0.13320482093138836"
"607","1214","1214","1214","0.12991211863366708","0.1283222187335773","0.13105256267106538"
"608","1216","1216","1216","0.13055401560732655","0.12908016097426267","0.13252926206274004"
"609","1218","1218","1218","0.13031922052459002","0.1276650218257885","0.13460038473823824"
"610","1220","1220","1220","0.13018514239056964","0.12881119509828307","0.13271888425216943"
"611","1222","1222","1222","0.13003842723249312","0.12770175943232345","0.1345472151560279"
"612","1224","1224","1224","0.13025178191836448","0.12899586464940183","0.13196907135187638"
"613","1226","1226","1226","0.1301636697250294","0.12914086782050652","0.13164720065325364"
"614","1228","1228","1228","0.13028641993403228","0.12769095733864563","0.1318534675105576"
"615","1230","1230","1230","0.13082792811587407","0.1285328022854677","0.13410397001292837"
"616","1232","1232","1232","0.13050883034701424","0.12816641905645562","0.13276967993000297"
"617","1234","1234","1234","0.13034776875908305","0.128114757667884","0.1323795059302184"
"618","1236","1236","1236","0.13072714611037387","0.12837176747711068","0.1338170059563097"
"619","1238","1238","1238","0.13053047895388162","0.1290552947598512","0.13184165603005552"
"620","1240","1240","1240","0.13005924913127687","0.1284729342072721","0.13166381906737376"
"621","1242","1242","1242","0.13048873155037505","0.1275930410020362","0.132671120047534"
"622","1244","1244","1244","0.1303348987445187","0.12779938776087535","0.1320849697755745"
"623","1246","1246","1246","0.12995568160627533","0.1273751376001651","0.13249684438966425"
"624","1248","1248","1248","0.13067498471593336","0.12942523849381954","0.13319190147145896"
"625","1250","1250","1250","0.12992018569808805","0.12800956223250587","0.13234656558491933"
"626","1252","1252","1252","0.1304097477510558","0.12814984661892725","0.13342584421046194"
"627","1254","1254","1254","0.130032570462387","0.12730877372394708","0.13362281882051544"
"628","1256","1256","1256","0.1308537149780821","0.12813931906597878","0.13524433854185702"
"629","1258","1258","1258","0.13078417330265388","0.12937965306254665","0.13335430929678316"
"630","1260","1260","1260","0.13037796150007805","0.1280712069930441","0.13351032124439277"
"631","1262","1262","1262","0.1307166489211541","0.12814420964235707","0.13301068907521105"
"632","1264","1264","1264","0.12980029997233272","0.1267058259858625","0.1324128269381204"
"633","1266","1266","1266","0.13021851413350558","0.1289204399208988","0.13146008001849674"
"634","1268","1268","1268","0.1316785243927205","0.12960722744399492","0.1355232012429894"
"635","1270","1270","1270","0.13154587026216877","0.1284414932287765","0.13353063845143895"
"636","1272","1272","1272","0.13080064083072646","0.12985201488394996","0.13199416628137817"
"637","1274","1274","1274","0.13023455058497715","0.12887414957304139","0.13212046790730128"
"638","1276","1276","1276","0.130912301942558","0.12805878988676203","0.13257166289479727"
"639","1278","1278","1278","0.13027189469138745","0.12787677574157344","0.13214419399263497"
"640","1280","1280","1280","0.13068240155467295","0.12861219827292972","0.13215047304202338"
"641","1282","1282","1282","0.1308919530756649","0.1289465867131345","0.13232854285542373"
"642","1284","1284","1284","0.13099825819311892","0.1282405721920999","0.13517697293989017"
"643","1286","1286","1286","0.13042642658559472","0.12866691851293957","0.1321717011357144"
"644","1288","1288","1288","0.1301779666249902","0.12812736738952382","0.13230104248324018"
"645","1290","1290","1290","0.13053778746634975","0.12821505632402458","0.13302754594140623"
"646","1292","1292","1292","0.13027250449303757","0.128237004718977","0.13238057231392802"
"647","1294","1294","1294","0.1301109920497439","0.12707675090445625","0.1332058861453891"
"648","1296","1296","1296","0.13051551545059137","0.1284403402485583","0.13282876407094799"
"649","1298","1298","1298","0.1304915179105767","0.12827822285995585","0.13230541439820298"
"650","1300","1300","1300","0.13078419535399993","0.12876691575558835","0.13321219387960176"
"651","1302","1302","1302","0.13020695620531295","0.128470807330959","0.13182380737610602"
"652","1304","1304","1304","0.13065072643630704","0.12798387099669142","0.1326568185689331"
"653","1306","1306","1306","0.1308144866443352","0.12800017416188242","0.1326363389816848"
"654","1308","1308","1308","0.13146509406373028","0.12850795760717082","0.13433796175862975"
"655","1310","1310","1310","0.13086951891583412","0.1290333128004769","0.1331868967945074"
"656","1312","1312","1312","0.13071390018432294","0.1281881458548718","0.13267669527655515"
"657","1314","1314","1314","0.13107873263926692","0.12764397186599621","0.13295339844730875"
"658","1316","1316","1316","0.1311845922018054","0.12793007613543925","0.1339630556222063"
"659","1318","1318","1318","0.13035100821990678","0.12788043525375875","0.1337228028323726"
"660","1320","1320","1320","0.1303733516320821","0.12817387048522835","0.13248310126887386"
"661","1322","1322","1322","0.1304535693761713","0.12775387788074496","0.13490042008297612"
"662","1324","1324","1324","0.13063949817189888","0.12758327388556523","0.13423541252595944"
"663","1326","1326","1326","0.13073352004520106","0.1288731814149986","0.13240508708576965"
"664","1328","1328","1328","0.13091616739678028","0.12830947964010742","0.13390038324149053"
"665","1330","1330","1330","0.13057228566755516","0.12639298582612055","0.13388218027500784"
"666","1332","1332","1332","0.13031221809430624","0.12907262173244108","0.1323889110613596"
"667","1334","1334","1334","0.1304717943063211","0.12781914436388137","0.13458119517428438"
"668","1336","1336","1336","0.13039254878727405","0.1286868190776845","0.1318525155445598"
"669","1338","1338","1338","0.13032005134107222","0.1272611566608037","0.13200313596696153"
"670","1340","1340","1340","0.1302770908870579","0.1284208819635819","0.1333473455055577"
"671","1342","1342","1342","0.1308726329918567","0.12766197805038507","0.13397304871249346"
"672","1344","1344","1344","0.13041919530190033","0.1278566798202006","0.13254000275246516"
"673","1346","1346","1346","0.1303062016304662","0.12771824291544695","0.13245395002933738"
"674","1348","1348","1348","0.13004734132789042","0.12847283601275813","0.13145188835927318"
"675","1350","1350","1350","0.12996747060459574","0.1277314679643196","0.1327983268680152"
"676","1352","1352","1352","0.12966528367292868","0.12782803188482908","0.13109884892145604"
"677","1354","1354","1354","0.13091187107155872","0.12730337626086807","0.13504478430946756"
"678","1356","1356","1356","0.13025985650490857","0.12752031103428538","0.13266359376538894"
"679","1358","1358","1358","0.13087953925764345","0.1281344224792159","0.13354001866017676"
"680","1360","1360","1360","0.13034759783708338","0.12646563079986478","0.13282845841276908"
"681","1362","1362","1362","0.1307401258464476","0.12855868208181934","0.13282498415926539"
"682","1364","1364","1364","0.13074490664830682","0.12812787966539604","0.13218740888651714"
"683","1366","1366","1366","0.130503530568583","0.12906980199410745","0.13386518252160906"
"684","1368","1368","1368","0.13082421693265647","0.12872260538224498","0.1350484326685423"
"685","1370","1370","1370","0.1308799275964812","0.12804499329105135","0.1324626060061647"
"686","1372","1372","1372","0.12964215225382775","0.12683238316567297","0.13144714137035882"
"687","1374","1374","1374","0.13044678130455442","0.12845904916452386","0.1350054052381891"
"688","1376","1376","1376","0.1304021794780066","0.12868673782185078","0.13343475590036397"
"689","1378","1378","1378","0.13037335648873621","0.12847422354329324","0.13237306732292448"
"690","1380","1380","1380","0.12993729984391084","0.12803544789675858","0.1333644585999221"
"691","1382","1382","1382","0.13084098004129746","0.12879479262352717","0.1338392464206605"
"692","1384","1384","1384","0.1304140559447052","0.126607490747683","0.13297529988976178"
"693","1386","1386","1386","0.13053991195464382","0.1276085999807904","0.13396101971752317"
"694","1388","1388","1388","0.13050952406685154","0.12833665754242288","0.13376552533292962"
"695","1390","1390","1390","0.13049050983288335","0.12883042422021718","0.13342895859075027"
"696","1392","1392","1392","0.13078958401481372","0.1283641870473749","0.13327634090872864"
"697","1394","1394","1394","0.13059419730781016","0.12857626529881996","0.13279648610010378"
"698","1396","1396","1396","0.13009360998518804","0.12854036454861537","0.1319951730288955"
"699","1398","1398","1398","0.13020984316285017","0.12732902872338492","0.13369974476380272"
"700","1400","1400","1400","0.13064518926376265","0.12786600120514466","0.13319116175560927"
"701","1402","1402","1402","0.13078344392827818","0.1280377733380995","0.13442953421719225"
"702","1404","1404","1404","0.1298191831268702","0.12575314352074582","0.13240473724737842"
"703","1406","1406","1406","0.1297862026323159","0.1277211736758508","0.13264050290548027"
"704","1408","1408","1408","0.1304938960593644","0.12805926636690518","0.1324154152563775"
"705","1410","1410","1410","0.13115640913346074","0.12801651362802743","0.1345616665089098"
"706","1412","1412","1412","0.13003777815725584","0.1269491434401358","0.13243396553250994"
"707","1414","1414","1414","0.12958358417854504","0.1265276546868482","0.1333203567115729"
"708","1416","1416","1416","0.12964633619306115","0.127045831697734","0.13359114017089502"
"709","1418","1418","1418","0.13005962625931797","0.12766547692267388","0.13381671645908974"
"710","1420","1420","1420","0.13091819563052506","0.12850241418648883","0.13434271289080818"
"711","1422","1422","1422","0.13097948727684364","0.12819056597828185","0.13406260568045714"
"712","1424","1424","1424","0.13020423378087764","0.12782874885137835","0.13318378271154926"
"713","1426","1426","1426","0.12994362904399517","0.12819113971672874","0.13166345394248102"
"714","1428","1428","1428","0.12996772725745892","0.12777776899645077","0.13143662595675495"
"715","1430","1430","1430","0.13068596200471544","0.12812370480777835","0.13417046829602983"
"716","1432","1432","1432","0.1296252990897275","0.1282467995443867","0.13146973095972736"
"717","1434","1434","1434","0.12940227886976866","0.12714586443875414","0.13262701785942824"
"718","1436","1436","1436","0.13003292733500751","0.12751763644848169","0.13406480740090643"
"719","1438","1438","1438","0.13034295827408124","0.1263228490524708","0.13454147310989778"
"720","1440","1440","1440","0.13055853729913885","0.12770853491765452","0.13322821127887433"
"721","1442","1442","1442","0.13004600479921874","0.12790762210591927","0.1322629561723838"
"722","1444","1444","1444","0.13020543849552976","0.12757288517369422","0.1325323607538119"
"723","1446","1446","1446","0.13085492331871762","0.12825926925116493","0.13341120432701734"
"724","1448","1448","1448","0.13067593131854843","0.12803765814023546","0.1349714840882986"
"725","1450","1450","1450","0.13091951071789618","0.12903144461888025","0.1325353689420111"
"726","1452","1452","1452","0.1306636953123901","0.12805254179579892","0.1329138485322789"
"727","1454","1454","1454","0.1306423383708582","0.1285356276133912","0.13319435197904758"
"728","1456","1456","1456","0.1300958234641497","0.1272672449993413","0.13197625725900047"
"729","1458","1458","1458","0.13001878496585145","0.1280791427288898","0.13329358142717074"
"730","1460","1460","1460","0.13041905081700048","0.128916724733051","0.1325897614975165"
"731","1462","1462","1462","0.13129973976149223","0.12901876314118274","0.13432917631097496"
"732","1464","1464","1464","0.1298713880290493","0.12771800072194275","0.1317722771412326"
"733","1466","1466","1466","0.13095915319996765","0.1287287034083563","0.1329795103723596"
"734","1468","1468","1468","0.13047517261734617","0.12917051813554742","0.13212623275333202"
"735","1470","1470","1470","0.1313759596689444","0.12830521050213653","0.13480542244692695"
"736","1472","1472","1472","0.13021078391736562","0.12676082013154844","0.13306540815147644"
"737","1474","1474","1474","0.13068203264149972","0.12791649583442494","0.13414135944578276"
"738","1476","1476","1476","0.13037880268874372","0.12833636953535887","0.13284939468154627"
"739","1478","1478","1478","0.13004884842047088","0.12739655139669873","0.13271485752415182"
"740","1480","1480","1480","0.13046544816032252","0.12691795385954338","0.13369206601733447"
"741","1482","1482","1482","0.1305581208159777","0.12675295257134112","0.1356882613328474"
"742","1484","1484","1484","0.13024301918712486","0.12678367698974904","0.13536797889123178"
"743","1486","1486","1486","0.12991461006846","0.12825216626727334","0.13188377814267987"
"744","1488","1488","1488","0.13044032785747645","0.12694010694092595","0.13306399696046042"
"745","1490","1490","1490","0.1303389916607988","0.12700935163297591","0.13196829621448097"
"746","1492","1492","1492","0.1303308421601219","0.1279740323575569","0.13333373613554236"
"747","1494","1494","1494","0.13082595410174788","0.12803967707733607","0.13330827532856732"
"748","1496","1496","1496","0.13006476565386854","0.1259716527151231","0.13392027192847358"
"749","1498","1498","1498","0.12967971685313567","0.12661310182528768","0.1319729722585575"
"750","1500","1500","1500","0.130323464662839","0.12746195665235613","0.13236133638213318"
"751","1502","1502","1502","0.13046147114248513","0.12803182265748236","0.13301823868200488"
"752","1504","1504","1504","0.13059987118404745","0.127855976566166","0.13449033245697933"
"753","1506","1506","1506","0.12984189278861474","0.1275653270377404","0.13333408843089076"
"754","1508","1508","1508","0.13011397568767324","0.12790114570153488","0.13287321644307185"
"755","1510","1510","1510","0.13083328254914622","0.1281207581356789","0.13565450249438493"
"756","1512","1512","1512","0.12968654808113605","0.1263875951944653","0.13192653401673157"
"757","1514","1514","1514","0.1306037197999485","0.12738881940005314","0.13471490708246578"
"758","1516","1516","1516","0.12988736220202154","0.12766234076998242","0.13227058326946492"
"759","1518","1518","1518","0.12999784263797962","0.12734577502722846","0.13191677933067036"
"760","1520","1520","1520","0.13090169989466402","0.1284129550544617","0.13319896441322604"
"761","1522","1522","1522","0.13021929394540138","0.1282446354590487","0.13335669624013272"
"762","1524","1524","1524","0.13062453625969045","0.12818715452484433","0.13319568407399457"
"763","1526","1526","1526","0.13069231410901488","0.12885077703488743","0.13281466041189174"
"764","1528","1528","1528","0.1302053367190483","0.12891322810626119","0.13246979476796772"
"765","1530","1530","1530","0.1296849396626376","0.12847396129258284","0.1323617508612015"
"766","1532","1532","1532","0.13091912493400631","0.12877983402532317","0.13365586704391488"
"767","1534","1534","1534","0.13074319257678604","0.12842483684537948","0.1341706775359175"
"768","1536","1536","1536","0.1299246485117115","0.12836737170123635","0.13158901774121792"
"769","1538","1538","1538","0.13029465379010058","0.12575265688419388","0.1322489115244948"
"770","1540","1540","1540","0.13015610390570648","0.12805452186318664","0.13223406977459193"
"771","1542","1542","1542","0.12911752098009208","0.12704722575326408","0.13261075973796557"
"772","1544","1544","1544","0.13028451765371798","0.12776538813506885","0.13397507843817558"
"773","1546","1546","1546","0.1301466468447711","0.12865287240191287","0.134424777525337"
"774","1548","1548","1548","0.13037744098927284","0.12655680931106794","0.13437658129579316"
"775","1550","1550","1550","0.12962652989715323","0.1268296921322641","0.13261275259921446"
"776","1552","1552","1552","0.13066995487932442","0.1274504092542555","0.1331486992658855"
"777","1554","1554","1554","0.1300360355518005","0.1267319961606171","0.13367297037605985"
"778","1556","1556","1556","0.1304314986228829","0.12809582117973564","0.13428653763733622"
"779","1558","1558","1558","0.1309993957159255","0.12929424860042812","0.13317715234326508"
"780","1560","1560","1560","0.13026519228905567","0.12632931303351042","0.13358064313376014"
"781","1562","1562","1562","0.13036896291227115","0.1271176704391591","0.13221976002638827"
"782","1564","1564","1564","0.13014752042939198","0.12762225958283177","0.13461885048246516"
"783","1566","1566","1566","0.13063209507116427","0.1276209577937125","0.13370752800872115"
"784","1568","1568","1568","0.13020124895384733","0.1282696257999079","0.13345735187201976"
"785","1570","1570","1570","0.13052111059382146","0.12888611030877323","0.13325289721941255"
"786","1572","1572","1572","0.13065495554132664","0.12866559831486063","0.13186060906143526"
"787","1574","1574","1574","0.1302160417160566","0.1268748201388962","0.13302546268995746"
"788","1576","1576","1576","0.13022261792285056","0.12767905134635726","0.13337878871015535"
"789","1578","1578","1578","0.13140777813751353","0.1279746195474915","0.13511636842185487"
"790","1580","1580","1580","0.13132796929512572","0.12905629178553116","0.13422015723014044"
"791","1582","1582","1582","0.1300820912014008","0.12800689901627407","0.13140042115685321"
"792","1584","1584","1584","0.1306156496515142","0.1293548064406798","0.13251641243929194"
"793","1586","1586","1586","0.13134393439721664","0.12514292036401026","0.1354211088614392"
"794","1588","1588","1588","0.13006590319053402","0.12638304405112105","0.13196599711102272"
"795","1590","1590","1590","0.1304188922537915","0.12764913762467076","0.1339906710531702"
"796","1592","1592","1592","0.13108170772855127","0.1286570004915329","0.13614930734149475"
"797","1594","1594","1594","0.12995051739826013","0.12814165263342686","0.1325555398003279"
"798","1596","1596","1596","0.1306658274692649","0.12849186128804244","0.13353725027492874"
"799","1598","1598","1598","0.12976576474287466","0.12784051059960547","0.13279638602214278"
"800","1600","1600","1600","0.1297151202851396","0.1273027325412349","0.13198185849530644"
"801","1602","1602","1602","0.1309447678940597","0.1280643009604993","0.13240252356638144"
"802","1604","1604","1604","0.13066368033854422","0.12903191006204337","0.13309643011635883"
"803","1606","1606","1606","0.1302867115320605","0.1284233412210189","0.1328455888498985"
"804","1608","1608","1608","0.13071032708780878","0.1285009418677184","0.13484682888131908"
"805","1610","1610","1610","0.1296266407762011","0.12664375454239987","0.13236069944902715"
"806","1612","1612","1612","0.13061240336661134","0.12822061605229143","0.13618296596463825"
"807","1614","1614","1614","0.13017767607843075","0.12852401076330808","0.1321294634345219"
"808","1616","1616","1616","0.13031148303850798","0.1264305274510806","0.13307205673270173"
"809","1618","1618","1618","0.13010636055506844","0.12733234208910746","0.13239786864499095"
"810","1620","1620","1620","0.13059238586500357","0.1284751216048449","0.13272214142847696"
"811","1622","1622","1622","0.13037967699248826","0.1274084104103437","0.13355194029235384"
"812","1624","1624","1624","0.13018343635550716","0.1272148021599724","0.13287949711186142"
"813","1626","1626","1626","0.13085393715722166","0.12802614742307475","0.13262836605780612"
"814","1628","1628","1628","0.12986769061312786","0.12680630335192972","0.13135713345005817"
"815","1630","1630","1630","0.13076092023408828","0.12823386736404874","0.13206927960323275"
"816","1632","1632","1632","0.13023535002894254","0.1272098523721608","0.1328251623622834"
"817","1634","1634","1634","0.1304515318942139","0.12863956135688653","0.13273889600995853"
"818","1636","1636","1636","0.1297425096967503","0.1277925343086041","0.13163659352823615"
"819","1638","1638","1638","0.13002086047543768","0.12660323925672406","0.13185808667081966"
"820","1640","1640","1640","0.1297597783020099","0.12710277942655163","0.13456223254653654"
"821","1642","1642","1642","0.13043481929288975","0.12782157733568647","0.13183996862381767"
"822","1644","1644","1644","0.13071548775891725","0.12715040596383126","0.13523591772916463"
"823","1646","1646","1646","0.13007151142298753","0.1285168086376719","0.13178716646775057"
"824","1648","1648","1648","0.1309858088978461","0.12938626700677178","0.13398562390826657"
"825","1650","1650","1650","0.13061143488790164","0.12852131163933467","0.1336699714804837"
"826","1652","1652","1652","0.1311997592761069","0.12840178646226555","0.13409414968127822"
"827","1654","1654","1654","0.1306280677881387","0.1285738859325594","0.13341459749621118"
"828","1656","1656","1656","0.1304831658258803","0.12696107585769895","0.13515993982154184"
"829","1658","1658","1658","0.13007901712155295","0.1270568410997093","0.13258473467059442"
"830","1660","1660","1660","0.1309195201403789","0.12886745869563584","0.13300990355865636"
"831","1662","1662","1662","0.13062049609501475","0.12736191228904017","0.1329662842246715"
"832","1664","1664","1664","0.1308262430868829","0.128287117738271","0.1334908133272787"
"833","1666","1666","1666","0.13083155345970238","0.12903829368086667","0.13642609204479464"
"834","1668","1668","1668","0.13081961879247123","0.12813499018659646","0.13397814253440943"
"835","1670","1670","1670","0.12976513797672123","0.12712680755582162","0.13567475074116506"
"836","1672","1672","1672","0.12969904177412228","0.12764782668634034","0.133499444295781"
"837","1674","1674","1674","0.13014364592411648","0.12742906043412924","0.13236796585536617"
"838","1676","1676","1676","0.12978570259095928","0.12750335491410086","0.13360697488065168"
"839","1678","1678","1678","0.12958572326293566","0.12667779246093286","0.13423410229810834"
"840","1680","1680","1680","0.1299766802556557","0.12810558837567024","0.13384229671705702"
"841","1682","1682","1682","0.13027742324167382","0.12798130563275725","0.13350131216118052"
"842","1684","1684","1684","0.1297800952278835","0.1278004474652364","0.1319928246739225"
"843","1686","1686","1686","0.13014584045701727","0.12725023954269168","0.1334353844960719"
"844","1688","1688","1688","0.12930312264275745","0.1273266235883314","0.1311704406334869"
"845","1690","1690","1690","0.1306517429144107","0.12792339910144682","0.13385715956095665"
"846","1692","1692","1692","0.12959964755817546","0.12699872373582344","0.13323273867332716"
"847","1694","1694","1694","0.12962870363376724","0.1269752204701014","0.13140653129811733"
"848","1696","1696","1696","0.13028473694600695","0.12845916494976073","0.1334663643032119"
"849","1698","1698","1698","0.12992440207358275","0.12836098905876922","0.13256440681211212"
"850","1700","1700","1700","0.1305530094791197","0.12799591886667264","0.13219475103786568"
"851","1702","1702","1702","0.13067603590995927","0.12728192464554353","0.13354616910496156"
"852","1704","1704","1704","0.13075865165790873","0.1284577869781633","0.13418925178823274"
"853","1706","1706","1706","0.13033428267380945","0.12847941354583448","0.13242388329881186"
"854","1708","1708","1708","0.13072748478996102","0.12912956522242808","0.1330100102525715"
"855","1710","1710","1710","0.1305218085238012","0.1279240956518848","0.13318260857798148"
"856","1712","1712","1712","0.12995313845181583","0.12787676562534095","0.13216934434339134"
"857","1714","1714","1714","0.1299688375183051","0.12792786445258844","0.13178844743463516"
"858","1716","1716","1716","0.12955050527405157","0.1270719999655463","0.1329099377044906"
"859","1718","1718","1718","0.12972049994755602","0.12620211888703084","0.13484055839307146"
"860","1720","1720","1720","0.13012377697189645","0.12605759943828726","0.13543049153830566"
"861","1722","1722","1722","0.13031121726464748","0.12810531575851067","0.13204182608928203"
"862","1724","1724","1724","0.12977857942545357","0.12725073813301127","0.13322007943284914"
"863","1726","1726","1726","0.1302149570447944","0.12769384719673446","0.13445600321763018"
"864","1728","1728","1728","0.129863232259473","0.12750748383830127","0.13227235089487863"
"865","1730","1730","1730","0.1295942242828882","0.1276450913391368","0.13094316921480634"
"866","1732","1732","1732","0.13061043955348753","0.1282537641123168","0.13293944610181227"
"867","1734","1734","1734","0.13031914327317284","0.12623416253045838","0.13219687056284007"
"868","1736","1736","1736","0.13125922275501928","0.1282803695510176","0.13471567099734394"
"869","1738","1738","1738","0.13124495045520052","0.12803811999510697","0.13584555422390848"
"870","1740","1740","1740","0.1306272866757694","0.12856884635015703","0.13376137626539536"
"871","1742","1742","1742","0.1309256515469879","0.12921174789896145","0.13331142990815942"
"872","1744","1744","1744","0.13051624967939204","0.1281769676432408","0.1330810635263017"
"873","1746","1746","1746","0.13063331335923362","0.12857791930675988","0.13362042513835115"
"874","1748","1748","1748","0.13062229164981287","0.12687374970504178","0.13350337692356443"
"875","1750","1750","1750","0.13049185683726394","0.12841501770898078","0.13237437264622398"
"876","1752","1752","1752","0.13039885039479115","0.1274340458552753","0.13433665773637465"
"877","1754","1754","1754","0.13033222614975537","0.12642389984756777","0.1323947118661879"
"878","1756","1756","1756","0.1306811579695455","0.1287375008150019","0.13481955756778122"
"879","1758","1758","1758","0.13023107023446068","0.12710693007036783","0.13384623998663142"
"880","1760","1760","1760","0.1304734458234792","0.12915202323630415","0.13275185125998198"
"881","1762","1762","1762","0.13056283736573232","0.1281779806558291","0.13235156192721606"
"882","1764","1764","1764","0.13074257822036825","0.12819041414574506","0.1317634219414436"
"883","1766","1766","1766","0.13054350745517618","0.1284365235306641","0.13229493955668573"
"884","1768","1768","1768","0.1303184672099361","0.1275300099228628","0.13325775759281525"
"885","1770","1770","1770","0.13129275741516655","0.12852862696048684","0.13430916386537226"
"886","1772","1772","1772","0.13042107836296174","0.12804672753637356","0.13374686159806842"
"887","1774","1774","1774","0.13065958552785217","0.1294450550643082","0.13210122605964753"
"888","1776","1776","1776","0.1302145919496372","0.12814169082971827","0.13271055466510895"
"889","1778","1778","1778","0.13060247591618213","0.12806983190429952","0.13588688763228318"
"890","1780","1780","1780","0.13094344611225528","0.12903286003682496","0.13463109015480196"
"891","1782","1782","1782","0.13031209486381884","0.12838208250493363","0.13277454634826785"
"892","1784","1784","1784","0.13051022140118024","0.12776492535795064","0.1331355574071174"
"893","1786","1786","1786","0.13090699776663933","0.12843960899423587","0.13228124450825454"
"894","1788","1788","1788","0.13016290343279752","0.12914634285706242","0.13321056102244555"
"895","1790","1790","1790","0.1309876733782169","0.12843278404338512","0.13459181630481717"
"896","1792","1792","1792","0.13069547701314255","0.12764159625413418","0.13481982965296643"
"897","1794","1794","1794","0.13093484311867382","0.12710048739357604","0.13424682066771915"
"898","1796","1796","1796","0.13059280074064816","0.1273383447024336","0.13380727612440874"
"899","1798","1798","1798","0.1306014740484631","0.1279272492607653","0.13345002459167876"
"900","1800","1800","1800","0.12967532076137378","0.12752857531343864","0.1326331889223728"
"901","1802","1802","1802","0.13019990943411494","0.12746544242329805","0.1340624413499986"
"902","1804","1804","1804","0.13002923059520627","0.12649729246032757","0.13376166175701545"
"903","1806","1806","1806","0.1304366071176633","0.12736328653006695","0.13277080278243036"
"904","1808","1808","1808","0.1308931273724501","0.12869203726110953","0.1343960286140398"
"905","1810","1810","1810","0.12997056703974028","0.12788534473476848","0.13279201076542493"
"906","1812","1812","1812","0.13061231818942806","0.12849044820643382","0.13293916809201184"
"907","1814","1814","1814","0.13033326171005427","0.12789223055698207","0.13179782800494108"
"908","1816","1816","1816","0.1292535449224499","0.12589265085976784","0.13238925996409986"
"909","1818","1818","1818","0.1294688182837219","0.12703700961665534","0.13153275120026472"
"910","1820","1820","1820","0.13010922129655716","0.1276414545505793","0.13293613507814703"
"911","1822","1822","1822","0.13038728129996893","0.12818497147655572","0.13220222421839642"
"912","1824","1824","1824","0.1303185789584425","0.12868317485401123","0.13201032220710968"
"913","1826","1826","1826","0.13039154707507217","0.12770078998621523","0.13380340346837413"
"914","1828","1828","1828","0.13088822286933594","0.12907169373252445","0.13341628798389682"
"915","1830","1830","1830","0.13034368582308167","0.12848041721857362","0.13336608171698655"
"916","1832","1832","1832","0.13037120425277246","0.12539276494500426","0.134308301294041"
"917","1834","1834","1834","0.1302596209222686","0.12800846873703645","0.13182103363903472"
"918","1836","1836","1836","0.1300881274678522","0.12680095124957644","0.13310999102715423"
"919","1838","1838","1838","0.12930773706329493","0.12767703475989692","0.131904141709414"
"920","1840","1840","1840","0.1297177871972054","0.1277136354278391","0.13135817860603255"
"921","1842","1842","1842","0.12977241512664608","0.12795574647705255","0.13263361887367847"
"922","1844","1844","1844","0.1308227946040037","0.12899492243621266","0.13380056863033912"
"923","1846","1846","1846","0.1301210096646302","0.12772462163408105","0.13094201595581617"
"924","1848","1848","1848","0.13031971528175626","0.12776277034545055","0.13282439713441255"
"925","1850","1850","1850","0.13031943234376603","0.1281968345075314","0.13256699251900086"
"926","1852","1852","1852","0.13013606835587238","0.12809824410414378","0.13162808139237384"
"927","1854","1854","1854","0.13071966736315355","0.1271669617635053","0.13308857904037152"
"928","1856","1856","1856","0.13129073278143905","0.12995731692483822","0.13380456172843538"
"929","1858","1858","1858","0.131251296720685","0.12894891292087554","0.13404518602158924"
"930","1860","1860","1860","0.13122476735545768","0.12897333428845795","0.13526624183601846"
"931","1862","1862","1862","0.13051079606677105","0.12826013116067272","0.1318476107581051"
"932","1864","1864","1864","0.13046359376335498","0.1288327962684013","0.1328898077995112"
"933","1866","1866","1866","0.1305007447417185","0.12847884812105898","0.13225741167141591"
"934","1868","1868","1868","0.1303446562302222","0.12931236587769726","0.13196072535591993"
"935","1870","1870","1870","0.13036533767567107","0.1287229997457672","0.13232246570552"
"936","1872","1872","1872","0.13067541997100887","0.1287309039309084","0.1330758127478085"
"937","1874","1874","1874","0.13032440223790437","0.12839424840689725","0.13293912628227542"
"938","1876","1876","1876","0.13045217913650792","0.12885163473961136","0.13260743385265505"
"939","1878","1878","1878","0.13078911168233506","0.12809646388740595","0.1337173024143388"
"940","1880","1880","1880","0.1306585010784162","0.1281937330995961","0.13268157537385997"
"941","1882","1882","1882","0.13146542724947213","0.1301602707940678","0.1338757602390689"
"942","1884","1884","1884","0.1311025553280715","0.12958242304789366","0.13364757176948808"
"943","1886","1886","1886","0.13057667578487678","0.12966323694640794","0.13138748705551415"
"944","1888","1888","1888","0.13042805407416522","0.12870826115793027","0.13230574760129343"
"945","1890","1890","1890","0.13134726153688994","0.12949724335600354","0.13324518892128495"
"946","1892","1892","1892","0.13100375039140202","0.12797516709409068","0.13368580408189967"
"947","1894","1894","1894","0.13116534831043344","0.12767236505836335","0.13458673074795188"
"948","1896","1896","1896","0.1309813468824437","0.13017064525949568","0.13210285237005492"
"949","1898","1898","1898","0.13092339192124164","0.12782508613923368","0.1333800422727225"
"950","1900","1900","1900","0.13096961909627391","0.1277870647289118","0.13296377789183209"
"951","1902","1902","1902","0.13063674123703956","0.12878204975375573","0.13310925657191042"
"952","1904","1904","1904","0.13124232462954113","0.1288827049375907","0.13598929704438775"
"953","1906","1906","1906","0.13060242601037636","0.12897225639854784","0.1321968655480095"
"954","1908","1908","1908","0.13080196740008548","0.12840209808565822","0.1329321351598587"
"955","1910","1910","1910","0.13048130325215018","0.12733349144533587","0.1322108924629201"
"956","1912","1912","1912","0.13133445351932377","0.12945212159798444","0.13347108057166457"
"957","1914","1914","1914","0.13089921696602053","0.12764996170799442","0.13292784688891507"
"958","1916","1916","1916","0.13030941274669075","0.12796664261416588","0.13171113252498864"
"959","1918","1918","1918","0.13073419561776584","0.12802033247049396","0.13322140882608202"
"960","1920","1920","1920","0.13076210876160427","0.12932962836165807","0.1326725903161272"
"961","1922","1922","1922","0.1307702982195492","0.12860134198815218","0.13443739332432952"
"962","1924","1924","1924","0.13074186320008932","0.1297712188271083","0.1328318359645201"
"963","1926","1926","1926","0.13088641839505039","0.12939500056312359","0.13199791251663603"
"964","1928","1928","1928","0.13121929470177782","0.12898657063935326","0.13294258859242206"
"965","1930","1930","1930","0.13087508303461437","0.1295451446106727","0.13341133793309695"
"966","1932","1932","1932","0.13157161762513436","0.12857270982411362","0.13370952640875045"
"967","1934","1934","1934","0.13113745399499713","0.130088371720883","0.13324749754633183"
"968","1936","1936","1936","0.1309884585809247","0.1287153674911361","0.13220612518502375"
"969","1938","1938","1938","0.13060783310170093","0.12903272900827442","0.132026419427732"
"970","1940","1940","1940","0.13019651906786606","0.12873429563424643","0.13182356354377345"
"971","1942","1942","1942","0.1304280636955314","0.12787760334643514","0.13288711848649584"
"972","1944","1944","1944","0.1316504244879107","0.12912170143029172","0.13352058965760374"
"973","1946","1946","1946","0.1304778347004798","0.1285612901979848","0.1323369263776952"
"974","1948","1948","1948","0.130152341938989","0.12817574541801122","0.13532879080390778"
"975","1950","1950","1950","0.1309488940330592","0.12913426125397218","0.13366942335559978"
"976","1952","1952","1952","0.13131491115597943","0.12900541930852882","0.1336435073288221"
"977","1954","1954","1954","0.1309489156037542","0.12756737705346635","0.13354859174367506"
"978","1956","1956","1956","0.1311462071281224","0.12852983535011073","0.13432014799739234"
"979","1958","1958","1958","0.13076214994724392","0.1291107221407096","0.13252032452299722"
"980","1960","1960","1960","0.13094077405095356","0.1290014512728825","0.1348525754192306"
"981","1962","1962","1962","0.13108964086806163","0.12915524895382463","0.13312801185309953"
"982","1964","1964","1964","0.1301638874744201","0.12825410919170566","0.13154779429862942"
"983","1966","1966","1966","0.13058714376627129","0.12901452729841642","0.13251612148279243"
"984","1968","1968","1968","0.12987652651521647","0.12790466158057812","0.13317531585348305"
"985","1970","1970","1970","0.1296198748354081","0.12653856259979138","0.1336102455865056"
"986","1972","1972","1972","0.13039609516535727","0.12751706537422614","0.132837020613858"
"987","1974","1974","1974","0.1315773900567455","0.12951123457929453","0.1342546605901502"
"988","1976","1976","1976","0.1301126365372914","0.12720406996280367","0.1318221885888963"
"989","1978","1978","1978","0.13007868862291777","0.1278518776787741","0.13185772783820165"
"990","1980","1980","1980","0.12939363733022424","0.12786641264487636","0.131871130710062"
"991","1982","1982","1982","0.12999516180492984","0.12822636453513298","0.13190493120371174"
"992","1984","1984","1984","0.1308158349612602","0.12887458777432212","0.13312620783930212"
"993","1986","1986","1986","0.13145522013332991","0.12907177126374142","0.13457916335420686"
"994","1988","1988","1988","0.13035694603964815","0.12911594658921727","0.13243122791478376"
"995","1990","1990","1990","0.1300090075177998","0.12779808528583425","0.1320617743303666"
"996","1992","1992","1992","0.13079895962743726","0.12915542190370125","0.1320709820611972"
"997","1994","1994","1994","0.13035139052451158","0.1291657406042452","0.13213504096503442"
"998","1996","1996","1996","0.1304507352007719","0.12867817697908274","0.1319051640759413"
"999","1998","1998","1998","0.13060114212938376","0.12826857594336347","0.13321243522020693"